4163896002774467|9|24|11
4163896002774467|9|24|11
4163896002774469|9|24|11
4163896002774469|9|24|11
4163896002774469|9|24|11
4163896002774469|9|24|11
4163896002774469|9|24|11
4163896002774469|9|24|11
4163896002774469|9|24|11
4163896002774469|9|24|11
4163896002774434|9|24|11
4163896002774464|9|24|11
4163896002774466|9|24|11
4163896002774464|9|24|11
4163896002774469|9|24|11
4163896002774461|9|24|11
4163896002774460|9|24|11
4163896002774462|9|24|11
4163896002774469|9|24|11
4163896002774469|9|24|11
4163896002774469|9|24|11
4163896002774469|9|24|11
4163896002774469|9|24|11
4163896002774469|9|24|11
4163896002774469|9|24|11
4163896002774469|9|24|11
4163896002774469|9|24|11
4163896002774469|9|24|11
4163896002774469|9|24|11
4163896002774469|9|24|11
4163896002774469|9|24|11
4163896002774469|9|24|11
4163896002774469|9|24|11
4163896002774469|9|24|11
4163896002774469|9|24|11
4163896002774469|9|24|11
4163896002774469|9|24|11
4163896002774469|9|24|11
4163896002774469|9|24|11
